20 27
0 -1 -1 -1 -1 -1 -1 -1 -1 -1 -1 -1 1 2 -1 -1 -1 -1 -1 -1 -1 -1 -1 -1 -1 -1 2 12 2 
-1 -1 -1 -1 -1 -1 -1 -1 -1 -1 -1 -1 -1 -1 -1 -1 -1 -1 -1 -1 -1 -1 -1 -1 -1 -1 -1 12 1 
-1 -1 -1 -1 2 7 -1 -1 -1 -1 -1 0 -1 -1 -1 -1 -1 1 -1 -1 -1 -1 -1 -1 -1 -1 -1 6 5 
-1 -1 -1 -1 -1 -1 -1 -1 -1 -1 -1 -1 -1 -1 -1 -1 -1 -1 -1 -1 -1 1 -1 -1 -1 -1 -1 14 1 
-1 3 -1 -1 -1 -1 -1 7 -1 -1 -1 0 -1 -1 -1 -1 -1 -1 2 -1 2 -1 -1 -1 -1 -1 -1 0 3 
-1 -1 -1 -1 -1 4 -1 -1 -1 -1 -1 -1 -1 -1 2 -1 -1 -1 2 -1 -1 -1 2 -1 -1 -1 -1 9 3 
-1 -1 -1 -1 -1 -1 -1 -1 -1 -1 -1 -1 -1 0 -1 -1 -1 -1 -1 -1 -1 -1 -1 -1 -1 -1 -1 3 3 
-1 3 -1 -1 -1 -1 -1 -1 -1 0 -1 0 -1 -1 -1 -1 -1 -1 -1 -1 -1 -1 -1 -1 -1 -1 -1 3 1 
-1 -1 -1 -1 -1 -1 -1 -1 -1 -1 -1 -1 -1 -1 -1 -1 -1 -1 -1 -1 -1 -1 -1 -1 -1 -1 -1 3 1 
-1 -1 -1 -1 1 -1 -1 -1 2 -1 -1 -1 -1 -1 -1 -1 -1 -1 0 -1 -1 -1 0 -1 -1 -1 -1 4 1 
-1 3 -1 -1 -1 -1 -1 7 -1 -1 -1 0 -1 -1 -1 -1 -1 -1 2 -1 2 -1 -1 -1 -1 -1 -1 0 3 
-1 2 -1 -1 -1 -1 -1 -1 -1 -1 -1 1 -1 -1 -1 -1 -1 -1 0 -1 -1 -1 -1 -1 -1 -1 -1 5 3 
-1 -1 -1 -1 -1 -1 -1 -1 -1 -1 -1 -1 -1 -1 -1 -1 -1 -1 -1 -1 -1 -1 -1 -1 0 -1 -1 3 1 
-1 3 -1 -1 -1 -1 -1 7 -1 -1 -1 0 -1 -1 -1 -1 -1 -1 2 -1 2 -1 -1 -1 -1 -1 -1 0 3 
-1 -1 -1 -1 -1 4 -1 -1 -1 -1 -1 -1 -1 -1 2 -1 -1 -1 2 -1 -1 -1 2 -1 -1 -1 -1 9 3 
-1 -1 -1 -1 -1 -1 -1 -1 -1 -1 -1 -1 -1 0 -1 -1 -1 -1 -1 -1 -1 -1 -1 -1 -1 -1 0 14 2 
2 -1 -1 -1 -1 -1 -1 -1 -1 0 -1 -1 -1 -1 -1 -1 -1 -1 -1 -1 -1 -1 -1 -1 -1 -1 0 4 4 
-1 -1 1 -1 -1 -1 -1 -1 -1 -1 -1 -1 -1 -1 0 -1 -1 -1 -1 -1 -1 -1 2 -1 -1 -1 -1 0 2 
-1 -1 -1 -1 -1 -1 -1 -1 -1 -1 -1 -1 -1 -1 -1 -1 -1 -1 -1 -1 -1 -1 -1 -1 0 -1 -1 3 1 
0 -1 -1 -1 -1 -1 0 -1 -1 -1 -1 -1 -1 -1 2 0 0 -1 0 -1 -1 0 -1 -1 -1 -1 -1 5 4 
