20 27
-1 -1 -1 -1 2 -1 -1 -1 -1 -1 -1 2 2 -1 -1 -1 -1 -1 -1 -1 0 -1 -1 -1 -1 -1 -1 3 2 
-1 -1 -1 -1 -1 -1 1 -1 -1 -1 -1 -1 -1 -1 -1 -1 -1 -1 -1 -1 -1 -1 2 -1 -1 -1 -1 2 2 
-1 -1 -1 -1 -1 4 -1 -1 -1 -1 -1 -1 -1 -1 -1 1 -1 -1 -1 0 -1 -1 -1 -1 -1 -1 -1 8 1 
-1 -1 2 -1 -1 -1 -1 -1 -1 -1 -1 -1 0 -1 -1 -1 -1 -1 -1 -1 -1 -1 -1 -1 -1 -1 -1 7 5 
-1 -1 -1 6 -1 -1 -1 -1 -1 -1 -1 -1 0 -1 1 -1 -1 6 -1 -1 1 -1 -1 0 -1 -1 -1 2 1 
-1 0 -1 -1 -1 -1 -1 -1 -1 -1 -1 -1 -1 -1 -1 -1 -1 -1 -1 -1 -1 -1 -1 -1 -1 -1 -1 12 2 
-1 -1 -1 -1 -1 -1 -1 -1 -1 -1 -1 -1 2 -1 -1 0 -1 -1 -1 -1 -1 -1 -1 -1 -1 -1 1 2 2 
-1 -1 -1 -1 1 -1 2 7 2 -1 -1 -1 -1 -1 -1 -1 -1 -1 -1 -1 -1 2 -1 -1 -1 -1 -1 15 4 
-1 -1 2 -1 -1 -1 -1 -1 -1 1 -1 -1 -1 -1 2 -1 -1 -1 -1 -1 -1 -1 1 -1 -1 -1 -1 5 2 
-1 -1 -1 -1 -1 -1 -1 -1 -1 -1 -1 -1 -1 -1 -1 -1 -1 -1 -1 1 2 2 -1 -1 -1 -1 -1 7 3 
-1 -1 -1 2 -1 3 1 -1 -1 -1 -1 -1 -1 -1 -1 -1 -1 -1 -1 2 -1 -1 -1 -1 -1 -1 -1 6 1 
-1 -1 -1 -1 -1 -1 -1 -1 -1 -1 -1 -1 -1 -1 -1 -1 -1 -1 -1 -1 -1 -1 -1 -1 -1 -1 0 14 2 
-1 -1 1 -1 -1 -1 -1 -1 -1 -1 -1 -1 -1 -1 -1 2 -1 1 -1 -1 -1 -1 -1 -1 -1 -1 -1 12 4 
-1 -1 -1 -1 -1 -1 -1 -1 -1 -1 -1 0 -1 -1 -1 -1 -1 -1 -1 -1 -1 -1 -1 -1 -1 -1 -1 14 1 
-1 -1 2 -1 -1 -1 -1 -1 -1 1 -1 -1 -1 -1 2 -1 -1 -1 -1 -1 -1 -1 1 -1 -1 -1 -1 5 2 
-1 -1 -1 -1 -1 -1 -1 -1 -1 -1 -1 -1 2 -1 -1 0 -1 -1 -1 -1 -1 -1 -1 -1 -1 -1 1 2 2 
-1 -1 -1 -1 -1 -1 -1 -1 -1 -1 -1 0 -1 -1 -1 -1 -1 -1 -1 -1 -1 -1 -1 -1 -1 -1 -1 14 1 
-1 -1 -1 -1 -1 -1 -1 -1 -1 1 -1 -1 -1 -1 -1 -1 -1 -1 -1 -1 -1 -1 -1 -1 -1 -1 -1 3 5 
-1 -1 -1 -1 -1 -1 -1 -1 -1 -1 -1 -1 2 -1 -1 0 -1 -1 -1 -1 -1 -1 -1 -1 -1 -1 1 2 2 
-1 -1 -1 -1 -1 -1 -1 -1 -1 -1 -1 -1 -1 -1 0 -1 -1 -1 -1 0 -1 -1 -1 -1 -1 -1 -1 15 5 
