20 23
<<<<<<< HEAD
0 -1 -1 4 -1 -1 -1 -1 1 -1 1 0 1 -1 -1 -1 0 0 -1 -1 -1 -1 1 10 2 
-1 -1 2 4 -1 -1 -1 0 -1 -1 1 -1 0 -1 -1 -1 -1 0 -1 -1 -1 -1 -1 11 2 
-1 -1 2 -1 -1 -1 -1 -1 0 2 -1 0 -1 1 -1 -1 -1 1 -1 -1 -1 -1 -1 8 2 
-1 -1 -1 -1 2 -1 -1 -1 -1 -1 2 -1 2 -1 -1 2 -1 1 -1 1 -1 1 -1 3 1 
1 -1 -1 1 -1 -1 4 -1 -1 -1 0 -1 -1 -1 -1 -1 -1 -1 2 -1 -1 -1 -1 7 3 
0 4 -1 -1 2 1 -1 -1 0 -1 0 0 -1 -1 -1 -1 -1 -1 -1 2 -1 -1 -1 6 3 
-1 -1 -1 0 1 0 7 -1 -1 -1 -1 -1 1 -1 0 -1 -1 -1 -1 -1 -1 -1 -1 2 2 
1 -1 -1 6 -1 -1 -1 -1 -1 -1 0 -1 -1 -1 2 -1 -1 1 -1 0 2 -1 -1 15 3 
2 -1 0 0 -1 -1 -1 1 -1 -1 -1 -1 1 -1 -1 2 2 2 -1 -1 -1 -1 -1 5 5 
-1 -1 -1 -1 -1 2 -1 -1 2 -1 -1 -1 -1 -1 2 2 -1 -1 -1 -1 -1 2 -1 12 3 
-1 -1 2 -1 -1 -1 -1 -1 2 1 -1 -1 -1 -1 1 -1 -1 -1 -1 -1 -1 -1 -1 3 5 
-1 -1 -1 -1 -1 2 -1 -1 -1 -1 -1 0 -1 -1 -1 -1 0 -1 -1 -1 2 -1 -1 14 3 
-1 -1 -1 4 1 -1 -1 -1 -1 -1 2 -1 0 -1 -1 -1 -1 -1 0 0 -1 -1 1 13 2 
-1 4 -1 -1 -1 -1 -1 0 0 0 -1 -1 -1 1 1 -1 -1 -1 -1 -1 -1 -1 -1 3 1 
2 -1 -1 -1 -1 -1 -1 -1 -1 -1 -1 -1 -1 -1 1 -1 -1 -1 -1 -1 -1 -1 -1 10 4 
1 2 -1 -1 -1 0 6 -1 2 -1 -1 -1 -1 -1 -1 -1 -1 -1 -1 -1 2 -1 -1 3 1 
1 -1 -1 -1 -1 2 -1 -1 -1 -1 -1 2 -1 -1 -1 -1 -1 -1 -1 2 -1 -1 -1 3 5 
-1 -1 -1 -1 -1 -1 -1 -1 -1 -1 -1 -1 -1 -1 -1 -1 -1 2 -1 -1 -1 0 -1 4 1 
-1 -1 -1 -1 -1 -1 -1 2 -1 2 1 -1 -1 -1 2 0 -1 -1 -1 -1 -1 -1 -1 7 4 
-1 -1 2 -1 -1 -1 -1 1 -1 -1 0 1 -1 0 -1 1 1 -1 -1 0 -1 -1 -1 0 1 
=======
-1 -1 -1 -1 -1 -1 -1 -1 -1 -1 -1 -1 -1 -1 -1 -1 -1 -1 -1 0 -1 -1 -1 1 2 
-1 -1 -1 -1 -1 -1 7 -1 0 -1 -1 -1 -1 -1 -1 -1 -1 -1 -1 -1 -1 -1 -1 4 2 
-1 -1 -1 -1 -1 -1 -1 -1 -1 -1 -1 -1 -1 -1 -1 -1 1 -1 -1 -1 -1 0 -1 6 5 
-1 1 -1 -1 -1 -1 -1 -1 -1 -1 -1 -1 -1 -1 -1 -1 -1 -1 -1 -1 -1 -1 -1 6 5 
2 -1 -1 -1 -1 1 -1 -1 -1 -1 -1 0 0 -1 -1 -1 -1 -1 2 -1 -1 -1 2 15 5 
-1 -1 -1 -1 -1 -1 4 -1 -1 -1 -1 -1 -1 -1 0 0 -1 -1 -1 -1 -1 -1 -1 4 1 
-1 1 -1 -1 -1 -1 -1 -1 -1 -1 -1 -1 -1 -1 -1 -1 -1 -1 -1 -1 -1 -1 -1 5 3 
-1 -1 -1 -1 -1 -1 -1 -1 2 -1 -1 -1 -1 -1 -1 -1 -1 -1 -1 -1 -1 2 -1 5 2 
-1 -1 0 -1 -1 -1 -1 -1 0 0 -1 -1 -1 -1 -1 -1 -1 -1 -1 -1 0 -1 -1 6 4 
-1 -1 -1 -1 -1 -1 -1 -1 -1 -1 -1 -1 -1 -1 -1 -1 -1 -1 -1 -1 1 -1 -1 15 2 
-1 -1 -1 -1 -1 -1 -1 -1 2 -1 -1 -1 -1 -1 -1 -1 -1 -1 -1 -1 -1 2 -1 5 2 
-1 7 -1 1 -1 -1 -1 -1 1 -1 1 -1 -1 -1 -1 -1 -1 -1 -1 -1 -1 -1 -1 13 3 
-1 7 -1 1 -1 -1 -1 -1 1 -1 1 -1 -1 -1 -1 -1 -1 -1 -1 -1 -1 -1 -1 13 3 
-1 -1 -1 3 0 -1 -1 -1 2 -1 -1 -1 -1 -1 -1 -1 -1 -1 -1 1 -1 -1 -1 5 3 
-1 -1 -1 -1 -1 -1 -1 -1 -1 -1 -1 -1 -1 -1 -1 -1 -1 -1 2 -1 -1 -1 -1 10 1 
-1 -1 -1 -1 -1 -1 -1 -1 -1 -1 -1 -1 -1 -1 -1 -1 1 -1 -1 -1 -1 0 -1 6 5 
-1 -1 0 7 -1 -1 7 -1 -1 -1 -1 -1 -1 -1 -1 -1 2 -1 0 -1 -1 -1 -1 5 1 
-1 -1 -1 -1 -1 -1 -1 -1 -1 -1 -1 -1 -1 -1 -1 -1 -1 -1 -1 -1 1 -1 -1 15 2 
-1 7 -1 1 -1 -1 -1 -1 1 -1 1 -1 -1 -1 -1 -1 -1 -1 -1 -1 -1 -1 -1 13 3 
-1 -1 -1 -1 -1 -1 -1 -1 -1 -1 -1 -1 -1 -1 -1 -1 -1 -1 -1 -1 -1 -1 -1 7 1 
>>>>>>> 48b88a78d26bfbfc71f26311311ea2062ff68f13
