20 23
1 -1 -1 -1 -1 -1 -1 -1 -1 -1 -1 -1 -1 -1 -1 -1 -1 -1 -1 -1 -1 -1 2 15 4 
-1 -1 -1 -1 -1 -1 -1 -1 -1 -1 -1 -1 -1 -1 -1 -1 -1 -1 -1 -1 -1 -1 -1 8 2 
-1 -1 -1 -1 -1 -1 -1 -1 -1 -1 -1 -1 -1 -1 -1 -1 -1 -1 -1 -1 -1 -1 -1 9 3 
-1 -1 -1 -1 -1 -1 0 -1 -1 -1 -1 -1 -1 -1 0 -1 -1 -1 -1 -1 0 -1 -1 12 3 
-1 -1 -1 -1 -1 -1 0 -1 -1 -1 -1 -1 -1 -1 0 -1 -1 -1 -1 -1 0 -1 -1 12 3 
6437 -1 -1 -1 -1 -1 -1 -1 -1 -1 -1 -1 -1 -1 -1 -1 -1 -1 -1 -1 -1 -1 -1 11 1 
-1 -1 -1 -1 -1 -1 -1 -1 -1 -1 -1 -1 -1 -1 -1 -1 -1 -1 -1 -1 -1 -1 -1 8 2 
-1 -1 -1 -1 97271049 -1 -1 -1 -1 -1 -1 -1 -1 -1 0 -1 -1 -1 -1 -1 0 -1 3 12 3 
-1 -1 -1 -1 -1 -1 -1 -1 -1 -1 -1 -1 -1 -1 0 -1 -1 -1 -1 -1 0 -1 -1 12 3 
1 -1 -1 -1 -1 -1 -1 -1 -1 -1 -1 -1 -1 -1 -1 -1 -1 -1 -1 -1 -1 -1 2 15 4 
-1 -1 -1 -1 -1 -1 -1 -1 -1 -1 -1 -1 -1 -1 -1 -1 -1 -1 -1 -1 -1 -1 -1 8 2 
-1 -1 -1 -1 838944475 -1 -1 -1 -1 -1 -1 -1 0 -1 0 -1 -1 -1 -1 -1 0 -1 -1 12 3 
-1 -1 -1 -1 -1 -1 -1 -1 -1 -1 -1 -1 -1 -1 -1 -1 0 -1 -1 -1 -1 -1 -1 11 1 
-1 -1 -1 -1 -1 -1 -1 -1 -1 -1 -1 -1 -1 -1 0 -1 0 -1 -1 -1 0 -1 -1 12 3 
-1 -1 -1 -1 -1 -1 -1 -1 -1 -1 -1 -1 -1 -1 0 -1 -1 -1 -1 -1 0 -1 -1 12 3 
-1 -1 -1 -1 -1 -1 -1 -1 -1 -1 -1 -1 -1 -1 -1 -1 0 -1 -1 -1 -1 -1 -1 11 1 
-1 -1 -1 -1 -1 -1 -1 -1 -1 -1 -1 -1 -1 -1 0 -1 -1 -1 -1 -1 0 -1 0 12 3 
-1 -1 -1 -1 838944475 -1 -1 -1 -1 -1 -1 -1 0 -1 0 -1 -1 -1 -1 -1 0 -1 -1 12 3 
-1 -1 -1 -1 -1 -1 -1 -1 0 -1 -1 -1 -1 -1 -1 2 -1 -1 -1 -1 -1 -1 -1 8 2 
-1 -1 -1 -1 -1 -1 -1 -1 -1 -1 -1 0 -1 -1 -1 -1 -1 -1 -1 -1 -1 -1 -1 14 4 
