20 23
-1 -1 -1 -1 -1 -1 -1 -1 -1 0 -1 -1 -1 -1 -1 -1 -1 -1 -1 -1 0 -1 1 11 1 
-1 -1 -1 -1 2 -1 -1 -1 -1 -1 0 0 -1 -1 -1 -1 2 -1 0 -1 2 -1 -1 9 5 
-1 -1 -1 -1 -1 -1 -1 -1 -1 -1 0 2 -1 -1 -1 -1 -1 -1 -1 -1 -1 0 -1 12 4 
-1 -1 -1 -1 -1 -1 -1 -1 1 -1 -1 2 -1 -1 0 0 -1 1 -1 -1 -1 1 0 5 4 
-1 5 -1 -1 0 -1 -1 -1 -1 -1 -1 -1 1 -1 -1 1 1 -1 -1 -1 -1 -1 -1 10 4 
-1 3 -1 -1 1 -1 -1 -1 -1 -1 -1 -1 -1 -1 -1 -1 -1 -1 1 -1 0 0 -1 10 3 
-1 0 -1 -1 -1 -1 2 -1 0 -1 -1 1 -1 -1 -1 2 -1 -1 -1 -1 -1 2 -1 12 3 
1 4 -1 1 2 -1 -1 0 0 -1 -1 -1 -1 -1 -1 0 -1 -1 -1 -1 0 -1 -1 9 4 
-1 6 -1 -1 -1 -1 -1 2 -1 0 -1 0 -1 -1 -1 -1 -1 -1 2 -1 -1 -1 -1 5 5 
1 -1 -1 -1 0 -1 -1 -1 -1 -1 -1 -1 -1 -1 -1 -1 0 1 -1 -1 -1 1 -1 11 5 
-1 5 -1 -1 -1 1 -1 0 -1 -1 -1 -1 -1 0 -1 -1 0 -1 -1 -1 -1 0 -1 12 3 
-1 -1 1 0 2 2 -1 -1 1 0 1 1 -1 -1 1 -1 1 -1 -1 -1 -1 -1 -1 4 4 
-1 -1 1 1 -1 0 -1 1 -1 -1 -1 -1 -1 -1 2 -1 -1 -1 0 -1 1 -1 1 8 5 
-1 -1 -1 -1 2 -1 -1 -1 -1 2 -1 -1 2 -1 -1 -1 -1 -1 -1 1 -1 -1 1 0 4 
-1 -1 2 -1 -1 -1 1 -1 1 1 -1 -1 -1 -1 -1 -1 -1 -1 -1 -1 1 -1 -1 11 2 
1 0 -1 -1 -1 0 -1 -1 -1 -1 -1 -1 -1 2 -1 -1 -1 1 1 -1 -1 -1 2 8 4 
-1 -1 -1 7 2 -1 -1 0 -1 -1 -1 -1 -1 -1 2 -1 -1 -1 0 -1 -1 0 2 7 2 
2 -1 -1 -1 -1 -1 -1 -1 -1 -1 -1 -1 -1 -1 1 -1 -1 -1 -1 -1 -1 -1 0 0 1 
-1 -1 0 -1 2 -1 -1 -1 1 -1 -1 1 1 -1 -1 -1 -1 -1 -1 -1 0 -1 -1 6 3 
-1 -1 1 -1 0 -1 -1 -1 -1 0 -1 -1 -1 -1 1 -1 0 -1 -1 -1 -1 -1 -1 6 5 
