20 23
-1 -1 -1 -1 2 -1 -1 -1 -1 -1 -1 -1 -1 -1 -1 -1 -1 -1 0 -1 -1 -1 -1 12 1 
-1 -1 -1 -1 2 -1 -1 -1 -1 -1 2 -1 -1 -1 -1 2 -1 -1 -1 -1 2 -1 -1 2 4 
-1 -1 -1 -1 -1 -1 -1 2 -1 -1 -1 0 -1 2 -1 0 0 -1 -1 -1 -1 -1 -1 3 1 
-1 -1 -1 -1 -1 -1 -1 -1 -1 -1 -1 -1 -1 0 -1 -1 -1 -1 -1 -1 -1 -1 -1 0 4 
-1 -1 1 4 -1 -1 -1 -1 -1 -1 -1 -1 -1 -1 -1 -1 -1 -1 -1 -1 -1 -1 -1 0 4 
-1 -1 -1 -1 -1 -1 -1 -1 -1 -1 1 -1 -1 -1 -1 -1 -1 -1 -1 -1 -1 -1 -1 1 5 
-1 -1 -1 -1 -1 -1 -1 -1 -1 -1 -1 -1 -1 -1 -1 -1 -1 -1 -1 -1 -1 -1 -1 14 2 
-1 -1 -1 1 -1 -1 -1 1 2 -1 -1 -1 -1 -1 -1 -1 -1 -1 -1 2 -1 -1 0 10 5 
-1 -1 -1 -1 -1 -1 -1 0 -1 -1 -1 -1 -1 -1 -1 -1 -1 -1 -1 -1 -1 -1 -1 13 3 
-1 1 -1 -1 -1 -1 -1 -1 -1 -1 -1 1 2 -1 -1 -1 -1 -1 -1 -1 -1 0 -1 0 4 
-1 -1 -1 -1 -1 2 -1 -1 1 -1 -1 -1 0 -1 -1 -1 -1 -1 -1 -1 -1 -1 -1 3 1 
-1 4 -1 -1 -1 -1 1 1 -1 -1 -1 -1 -1 -1 -1 -1 -1 -1 1 -1 -1 -1 -1 1 1 
-1 -1 -1 -1 -1 -1 -1 -1 -1 -1 -1 -1 -1 -1 -1 -1 -1 -1 -1 -1 -1 -1 -1 10 4 
-1 -1 -1 -1 -1 0 -1 1 2 2 -1 -1 -1 -1 -1 -1 -1 -1 1 -1 -1 -1 0 14 3 
-1 -1 -1 -1 -1 -1 -1 -1 2 -1 -1 -1 -1 -1 -1 -1 -1 -1 -1 -1 -1 -1 -1 0 3 
-1 -1 -1 -1 -1 0 -1 1 2 2 -1 -1 -1 -1 -1 -1 -1 -1 1 -1 -1 -1 0 14 3 
-1 -1 -1 -1 -1 -1 -1 -1 -1 -1 -1 2 -1 -1 -1 -1 -1 -1 -1 -1 -1 -1 -1 1 2 
-1 -1 -1 -1 -1 -1 -1 0 -1 -1 -1 -1 -1 -1 -1 -1 -1 -1 -1 -1 -1 -1 -1 13 3 
-1 -1 -1 -1 -1 -1 5 -1 -1 -1 -1 -1 -1 -1 -1 -1 -1 -1 -1 -1 -1 1 0 5 3 
-1 -1 -1 -1 -1 -1 -1 -1 -1 -1 -1 -1 -1 -1 -1 -1 -1 -1 -1 -1 -1 -1 -1 15 2 
