20 12
-1 -1 2 -1 -1 -1 -1 -1 -1 -1 -1 -1 4 4 
-1 -1 -1 -1 2 -1 -1 -1 -1 -1 1 -1 1 3 
-1 -1 -1 -1 -1 -1 -1 -1 -1 -1 -1 -1 5 3 
-1 6 -1 -1 -1 -1 -1 -1 -1 -1 0 -1 7 2 
-1 -1 2 -1 -1 7 -1 -1 -1 -1 -1 -1 6 3 
-1 -1 -1 3 -1 -1 -1 -1 -1 -1 -1 2 2 5 
-1 -1 -1 -1 -1 -1 2 5 -1 -1 -1 0 -1 2 
-1 -1 -1 0 -1 -1 0 -1 -1 -1 1 -1 0 3 
2 -1 -1 -1 1 -1 -1 -1 -1 2 0 -1 0 5 
-1 -1 -1 2 -1 -1 -1 3 -1 -1 -1 -1 1 1 
-1 2 -1 2 -1 -1 -1 -1 -1 -1 -1 -1 0 2 
2 5 -1 6 2 -1 -1 -1 -1 -1 -1 -1 0 5 
-1 -1 -1 -1 -1 4 -1 -1 0 -1 -1 -1 4 4 
-1 -1 1 -1 -1 -1 -1 -1 2 -1 -1 -1 2 3 
-1 -1 -1 -1 -1 -1 -1 0 -1 -1 -1 6 2 1 
-1 -1 0 -1 -1 7 0 -1 -1 -1 -1 -1 4 2 
0 -1 -1 -1 -1 -1 -1 -1 -1 -1 -1 -1 2 1 
-1 -1 -1 -1 -1 -1 -1 4 -1 -1 -1 -1 4 1 
-1 -1 -1 -1 -1 -1 2 -1 -1 -1 1 -1 4 4 
-1 1 -1 -1 -1 5 -1 -1 -1 -1 -1 -1 4 5 
