<<<<<<< HEAD
30 12
-1 -1 -1 -1 0 -1 -1 -1 -1 -1 -1 -1 6 3 
0 -1 2 2 -1 -1 -1 -1 -1 -1 -1 -1 2 5 
-1 -1 -1 -1 -1 -1 -1 1 0 0 -1 3 5 5 
-1 0 -1 -1 -1 -1 -1 -1 -1 -1 -1 -1 1 5 
1 -1 -1 -1 -1 -1 -1 -1 -1 -1 -1 -1 2 5 
2 0 -1 -1 1 6 2 4 -1 5 -1 -1 2 2 
-1 5 -1 4 -1 7 -1 3 1 -1 -1 -1 1 3 
1 6 -1 -1 1 -1 -1 -1 -1 -1 -1 -1 2 4 
-1 -1 1 -1 -1 -1 -1 -1 -1 -1 0 -1 0 5 
-1 -1 -1 -1 1 -1 -1 -1 -1 -1 -1 -1 3 4 
-1 -1 -1 -1 -1 2 -1 -1 -1 0 -1 -1 1 1 
2 -1 1 -1 -1 0 -1 -1 -1 -1 -1 -1 4 4 
-1 2 0 -1 2 -1 -1 -1 -1 -1 0 -1 1 4 
-1 -1 -1 -1 0 -1 2 2 2 -1 -1 -1 4 5 
0 -1 -1 -1 0 4 0 -1 -1 -1 -1 1 2 3 
-1 -1 -1 2 0 -1 -1 -1 -1 -1 -1 2 7 4 
-1 2 2 -1 -1 -1 1 -1 -1 1 -1 -1 7 5 
-1 -1 1 -1 -1 -1 -1 -1 -1 -1 -1 -1 6 4 
-1 -1 -1 6 -1 0 -1 4 -1 -1 -1 -1 0 2 
-1 6 -1 0 -1 -1 -1 -1 1 -1 -1 -1 1 5 
-1 -1 0 -1 -1 -1 -1 3 -1 -1 -1 -1 0 3 
-1 -1 -1 -1 -1 -1 -1 -1 0 -1 -1 -1 3 4 
-1 1 -1 -1 -1 0 2 -1 -1 -1 -1 2 1 2 
1 -1 1 -1 1 4 2 -1 -1 -1 1 0 1 3 
1 -1 2 -1 -1 -1 0 -1 -1 -1 0 -1 4 4 
-1 -1 -1 -1 2 -1 1 -1 0 -1 -1 -1 1 2 
-1 5 -1 -1 -1 -1 -1 7 -1 -1 -1 -1 0 2 
0 -1 -1 -1 -1 4 -1 -1 -1 -1 2 -1 0 1 
-1 -1 -1 0 -1 7 -1 -1 0 -1 -1 -1 4 3 
-1 2 1 -1 -1 -1 -1 2 1 -1 -1 -1 3 4 
=======
20 12
-1 -1 -1 1 -1 -1 -1 -1 2 -1 -1 -1 3 2 
-1 -1 -1 -1 2 -1 -1 -1 -1 -1 1 -1 1 3 
0 -1 -1 -1 -1 2 -1 -1 2 -1 -1 -1 4 1 
-1 6 -1 -1 -1 -1 -1 -1 -1 -1 0 -1 7 2 
1 -1 2 7 -1 -1 0 -1 -1 -1 -1 -1 0 2 
-1 -1 -1 3 -1 -1 -1 -1 -1 -1 -1 2 2 5 
-1 -1 -1 -1 -1 -1 2 5 -1 -1 -1 0 6 2 
-1 -1 -1 0 -1 -1 0 -1 -1 -1 1 -1 0 3 
-1 -1 -1 3 2 -1 -1 -1 -1 3 -1 -1 4 1 
-1 -1 -1 2 -1 -1 -1 3 -1 -1 -1 -1 1 1 
-1 2 -1 2 -1 -1 -1 -1 -1 -1 -1 -1 0 2 
-1 -1 -1 2 2 -1 -1 -1 -1 -1 2 -1 3 4 
-1 -1 1 -1 2 0 1 -1 -1 -1 2 -1 4 4 
-1 -1 -1 -1 -1 -1 -1 -1 2 -1 -1 -1 2 3 
-1 -1 0 4 2 -1 -1 -1 -1 -1 -1 7 2 1 
1 -1 -1 0 -1 -1 -1 1 1 -1 -1 5 6 5 
0 -1 -1 -1 -1 -1 -1 -1 -1 -1 -1 -1 6 1 
-1 -1 -1 -1 -1 -1 -1 4 -1 -1 -1 -1 4 1 
-1 -1 -1 -1 -1 5 -1 -1 2 4 -1 -1 1 2 
0 -1 0 4 1 7 2 -1 2 -1 0 -1 6 5 
>>>>>>> 48b88a78d26bfbfc71f26311311ea2062ff68f13
